16 5 56 1124 
16 5 34 1126 
16 5 62 1160 
16 5 36 1160 
16 5 60 1134 
16 5 40 1170 
16 5 29 1167 
16 5 52 1170 
16 5 58 1170 
16 56 40 1124 
16 56 29 1121 
16 56 52 1124 
16 56 58 1124 
16 34 40 1126 
16 34 29 1126 
16 34 52 1126 
16 34 58 1126 
16 62 36 1150 
16 62 60 1124 
16 62 40 1160 
16 62 29 1157 
16 62 52 1160 
16 62 58 1160 
16 36 60 1124 
16 36 40 1160 
16 36 29 1157 
16 36 52 1160 
16 36 58 1160 
16 60 40 1134 
16 60 29 1133 
16 60 52 1134 
16 60 58 1134 
16 40 29 1167 
16 40 52 1170 
16 40 58 1170 
16 29 52 1167 
16 29 58 1167 
16 52 58 1170 
71 25 48 1124 
71 25 36 1123 
71 25 60 1123 
71 25 52 1122 
71 25 58 1126 
71 48 66 1132 
71 48 36 1173 
71 48 60 1168 
71 48 40 1149 
71 48 29 1160 
71 48 52 1170 
71 48 58 1175 
71 66 36 1138 
71 66 60 1143 
71 66 40 1119 
71 66 29 1135 
71 66 52 1138 
71 66 58 1143 
71 36 60 1177 
71 36 40 1158 
71 36 29 1169 
71 36 52 1179 
71 36 58 1184 
71 60 40 1157 
71 60 29 1169 
71 60 52 1177 
71 60 58 1182 
71 40 29 1148 
71 40 52 1158 
71 40 58 1163 
71 29 52 1169 
71 29 58 1174 
71 52 58 1184 
69 3 60 1130 
69 3 40 1124 
69 3 29 1130 
69 3 52 1122 
69 3 58 1130 
69 48 66 1153 
69 48 7 1127 
69 48 36 1165 
69 48 60 1176 
69 48 40 1170 
69 48 29 1176 
69 48 52 1168 
69 48 58 1176 
69 66 7 1137 
69 66 36 1158 
69 66 60 1185 
69 66 40 1179 
69 66 29 1185 
69 66 52 1177 
69 66 58 1185 
69 62 60 1129 
69 62 40 1125 
69 62 29 1129 
69 62 52 1121 
69 62 58 1129 
69 7 36 1136 
69 7 60 1163 
69 7 40 1157 
69 7 29 1163 
69 7 52 1155 
69 7 58 1163 
69 36 60 1185 
69 36 40 1179 
69 36 29 1185 
69 36 52 1177 
69 36 58 1185 
69 60 40 1206 
69 60 29 1212 
69 60 52 1204 
69 60 58 1212 
69 40 29 1206 
69 40 52 1198 
69 40 58 1206 
69 29 52 1204 
69 29 58 1212 
69 52 58 1204 
20 5 34 1125 
20 5 62 1149 
20 5 7 1120 
20 5 36 1147 
20 5 60 1152 
20 5 40 1160 
20 5 29 1161 
20 5 52 1162 
20 5 58 1162 
20 48 66 1122 
20 48 62 1138 
20 48 7 1127 
20 48 36 1164 
20 48 60 1159 
20 48 40 1167 
20 48 29 1168 
20 48 52 1169 
20 48 58 1169 
20 66 62 1124 
20 66 36 1139 
20 66 60 1154 
20 66 40 1152 
20 66 29 1154 
20 66 52 1154 
20 66 58 1154 
20 56 62 1143 
20 56 7 1124 
20 56 36 1144 
20 56 60 1149 
20 56 40 1157 
20 56 29 1158 
20 56 52 1159 
20 56 58 1159 
20 34 62 1134 
20 34 36 1142 
20 34 60 1147 
20 34 40 1155 
20 34 29 1157 
20 34 52 1157 
20 34 58 1157 
20 62 7 1143 
20 62 36 1170 
20 62 60 1175 
20 62 40 1183 
20 62 29 1184 
20 62 52 1185 
20 62 58 1185 
20 7 36 1159 
20 7 60 1164 
20 7 40 1172 
20 7 29 1173 
20 7 52 1174 
20 7 58 1174 
20 36 60 1191 
20 36 40 1199 
20 36 29 1200 
20 36 52 1201 
20 36 58 1201 
20 60 40 1204 
20 60 29 1205 
20 60 52 1206 
20 60 58 1206 
20 40 29 1213 
20 40 52 1214 
20 40 58 1214 
20 29 52 1215 
20 29 58 1215 
20 52 58 1216 
51 25 52 1119 
51 25 58 1124 
51 5 29 1129 
51 5 52 1128 
51 5 58 1134 
51 48 66 1122 
51 48 34 1121 
51 48 36 1183 
51 48 60 1175 
51 48 40 1163 
51 48 29 1179 
51 48 52 1183 
51 48 58 1189 
51 66 36 1129 
51 66 60 1150 
51 66 40 1126 
51 66 29 1146 
51 66 52 1144 
51 66 58 1150 
51 56 36 1119 
51 56 60 1124 
51 56 29 1130 
51 56 52 1136 
51 56 58 1140 
51 34 36 1132 
51 34 60 1139 
51 34 40 1130 
51 34 29 1151 
51 34 52 1148 
51 34 58 1153 
51 62 36 1119 
51 62 60 1125 
51 62 40 1125 
51 62 29 1130 
51 62 52 1134 
51 62 58 1140 
51 36 60 1184 
51 36 40 1174 
51 36 29 1190 
51 36 52 1194 
51 36 58 1200 
51 60 40 1180 
51 60 29 1197 
51 60 52 1199 
51 60 58 1205 
51 40 29 1185 
51 40 52 1189 
51 40 58 1195 
51 29 52 1205 
51 29 58 1211 
51 52 58 1215 
24 54 74 1379 
24 54 44 1179 
24 54 25 1285 
24 54 9 1252 
24 54 5 1284 
24 54 48 1288 
24 54 66 1379 
24 54 56 1312 
24 54 34 1310 
24 54 62 1338 
24 54 7 1331 
24 54 36 1317 
24 54 60 1379 
24 54 40 1355 
24 54 29 1371 
24 54 52 1368 
24 54 58 1379 
24 74 44 1179 
24 74 25 1285 
24 74 9 1252 
24 74 5 1284 
24 74 48 1288 
24 74 66 1379 
24 74 56 1312 
24 74 34 1310 
24 74 62 1338 
24 74 7 1331 
24 74 36 1317 
24 74 60 1379 
24 74 40 1355 
24 74 29 1371 
24 74 52 1368 
24 74 58 1379 
24 44 66 1179 
24 44 56 1123 
24 44 34 1120 
24 44 62 1148 
24 44 7 1134 
24 44 36 1124 
24 44 60 1179 
24 44 40 1155 
24 44 29 1171 
24 44 52 1168 
24 44 58 1179 
24 25 9 1158 
24 25 5 1190 
24 25 48 1248 
24 25 66 1285 
24 25 56 1220 
24 25 34 1216 
24 25 62 1246 
24 25 7 1237 
24 25 36 1254 
24 25 60 1285 
24 25 40 1261 
24 25 29 1277 
24 25 52 1275 
24 25 58 1285 
24 9 5 1172 
24 9 48 1161 
24 9 66 1252 
24 9 56 1216 
24 9 34 1198 
24 9 62 1214 
24 9 7 1204 
24 9 36 1190 
24 9 60 1252 
24 9 40 1231 
24 9 29 1248 
24 9 52 1244 
24 9 58 1252 
24 5 48 1193 
24 5 66 1284 
24 5 56 1224 
24 5 34 1249 
24 5 62 1256 
24 5 7 1239 
24 5 36 1222 
24 5 60 1284 
24 5 40 1264 
24 5 29 1280 
24 5 52 1273 
24 5 58 1284 
24 48 66 1288 
24 48 56 1221 
24 48 34 1219 
24 48 62 1247 
24 48 7 1240 
24 48 36 1273 
24 48 60 1288 
24 48 40 1264 
24 48 29 1280 
24 48 52 1277 
24 48 58 1288 
24 66 56 1312 
24 66 34 1310 
24 66 62 1338 
24 66 7 1331 
24 66 36 1317 
24 66 60 1379 
24 66 40 1355 
24 66 29 1371 
24 66 52 1368 
24 66 58 1379 
24 56 34 1256 
24 56 62 1280 
24 56 7 1282 
24 56 36 1250 
24 56 60 1312 
24 56 40 1289 
24 56 29 1304 
24 56 52 1307 
24 56 58 1312 
24 34 62 1274 
24 34 7 1268 
24 34 36 1248 
24 34 60 1310 
24 34 40 1289 
24 34 29 1306 
24 34 52 1301 
24 34 58 1310 
24 62 7 1290 
24 62 36 1276 
24 62 60 1338 
24 62 40 1323 
24 62 29 1330 
24 62 52 1327 
24 62 58 1338 
24 7 36 1269 
24 7 60 1331 
24 7 40 1307 
24 7 29 1327 
24 7 52 1320 
24 7 58 1331 
24 36 60 1317 
24 36 40 1293 
24 36 29 1309 
24 36 52 1306 
24 36 58 1317 
24 60 40 1355 
24 60 29 1371 
24 60 52 1368 
24 60 58 1379 
24 40 29 1347 
24 40 52 1344 
24 40 58 1355 
24 29 52 1360 
24 29 58 1371 
24 52 58 1368 
14 72 42 1132 
14 72 25 1120 
14 72 5 1135 
14 72 48 1173 
14 72 66 1206 
14 72 56 1146 
14 72 34 1157 
14 72 62 1185 
14 72 7 1142 
14 72 36 1187 
14 72 60 1206 
14 72 40 1199 
14 72 29 1206 
14 72 52 1206 
14 72 58 1206 
14 17 66 1157 
14 17 62 1134 
14 17 36 1137 
14 17 60 1157 
14 17 40 1142 
14 17 29 1157 
14 17 52 1154 
14 17 58 1157 
14 31 3 1138 
14 31 5 1139 
14 31 48 1166 
14 31 66 1206 
14 31 56 1147 
14 31 34 1135 
14 31 62 1180 
14 31 7 1152 
14 31 36 1192 
14 31 60 1206 
14 31 40 1198 
14 31 29 1206 
14 31 52 1203 
14 31 58 1206 
14 46 25 1132 
14 46 5 1144 
14 46 48 1175 
14 46 66 1212 
14 46 56 1146 
14 46 34 1147 
14 46 62 1196 
14 46 7 1143 
14 46 36 1195 
14 46 60 1212 
14 46 40 1199 
14 46 29 1212 
14 46 52 1209 
14 46 58 1212 
14 44 25 1141 
14 44 5 1161 
14 44 48 1179 
14 44 66 1220 
14 44 56 1158 
14 44 34 1151 
14 44 62 1208 
14 44 7 1156 
14 44 36 1202 
14 44 60 1220 
14 44 40 1205 
14 44 29 1220 
14 44 52 1217 
14 44 58 1220 
14 64 42 1188 
14 64 3 1127 
14 64 25 1135 
14 64 5 1176 
14 64 48 1195 
14 64 66 1237 
14 64 56 1188 
14 64 34 1187 
14 64 62 1216 
14 64 7 1174 
14 64 36 1218 
14 64 60 1237 
14 64 40 1237 
14 64 29 1237 
14 64 52 1237 
14 64 58 1237 
14 42 3 1158 
14 42 25 1207 
14 42 5 1235 
14 42 48 1263 
14 42 66 1300 
14 42 56 1236 
14 42 34 1236 
14 42 62 1279 
14 42 7 1233 
14 42 36 1283 
14 42 60 1300 
14 42 40 1290 
14 42 29 1300 
14 42 52 1299 
14 42 58 1300 
14 3 25 1224 
14 3 5 1246 
14 3 48 1288 
14 3 66 1326 
14 3 56 1278 
14 3 34 1251 
14 3 62 1300 
14 3 7 1277 
14 3 36 1309 
14 3 60 1326 
14 3 40 1311 
14 3 29 1326 
14 3 52 1323 
14 3 58 1326 
14 25 9 1129 
14 25 5 1285 
14 25 48 1340 
14 25 66 1370 
14 25 56 1297 
14 25 34 1293 
14 25 62 1346 
14 25 7 1301 
14 25 36 1359 
14 25 60 1370 
14 25 40 1355 
14 25 29 1370 
14 25 52 1367 
14 25 58 1370 
14 9 5 1174 
14 9 48 1189 
14 9 66 1233 
14 9 56 1209 
14 9 34 1182 
14 9 62 1218 
14 9 7 1164 
14 9 36 1213 
14 9 60 1233 
14 9 40 1221 
14 9 29 1233 
14 9 52 1233 
14 9 58 1233 
14 5 48 1345 
14 5 66 1389 
14 5 56 1318 
14 5 34 1336 
14 5 62 1369 
14 5 7 1324 
14 5 36 1369 
14 5 60 1389 
14 5 40 1376 
14 5 29 1389 
14 5 52 1386 
14 5 58 1389 
14 48 66 1430 
14 48 56 1357 
14 48 34 1353 
14 48 62 1404 
14 48 7 1361 
14 48 36 1426 
14 48 60 1430 
14 48 40 1415 
14 48 29 1430 
14 48 52 1427 
14 48 58 1430 
14 66 56 1401 
14 66 34 1397 
14 66 62 1448 
14 66 7 1405 
14 66 36 1454 
14 66 60 1474 
14 66 40 1459 
14 66 29 1474 
14 66 52 1471 
14 66 58 1474 
14 56 34 1339 
14 56 62 1385 
14 56 7 1343 
14 56 36 1381 
14 56 60 1401 
14 56 40 1387 
14 56 29 1401 
14 56 52 1401 
14 56 58 1401 
14 34 62 1373 
14 34 7 1330 
14 34 36 1377 
14 34 60 1397 
14 34 40 1385 
14 34 29 1397 
14 34 52 1396 
14 34 58 1397 
14 62 7 1379 
14 62 36 1428 
14 62 60 1448 
14 62 40 1433 
14 62 29 1448 
14 62 52 1445 
14 62 58 1448 
14 7 36 1385 
14 7 60 1405 
14 7 40 1390 
14 7 29 1405 
14 7 52 1402 
14 7 58 1405 
14 36 60 1454 
14 36 40 1439 
14 36 29 1454 
14 36 52 1451 
14 36 58 1454 
14 60 40 1459 
14 60 29 1474 
14 60 52 1471 
14 60 58 1474 
14 40 29 1459 
14 40 52 1456 
14 40 58 1459 
14 29 52 1471 
14 29 58 1474 
14 52 58 1471 
2 38 44 1171 
2 38 5 1135 
2 38 62 1153 
2 38 7 1121 
2 38 36 1129 
2 38 60 1134 
2 38 40 1171 
2 38 29 1156 
2 38 52 1166 
2 38 58 1171 
2 74 44 1150 
2 74 62 1131 
2 74 40 1142 
2 74 29 1135 
2 74 52 1141 
2 74 58 1150 
2 31 44 1284 
2 31 3 1197 
2 31 25 1144 
2 31 9 1153 
2 31 5 1196 
2 31 48 1175 
2 31 66 1186 
2 31 56 1170 
2 31 34 1167 
2 31 62 1237 
2 31 7 1222 
2 31 36 1244 
2 31 60 1267 
2 31 40 1277 
2 31 29 1275 
2 31 52 1275 
2 31 58 1284 
2 46 44 1286 
2 46 64 1122 
2 46 3 1140 
2 46 25 1165 
2 46 9 1135 
2 46 5 1180 
2 46 48 1182 
2 46 66 1166 
2 46 56 1170 
2 46 34 1164 
2 46 62 1244 
2 46 7 1201 
2 46 36 1244 
2 46 60 1247 
2 46 40 1278 
2 46 29 1271 
2 46 52 1277 
2 46 58 1286 
2 44 64 1334 
2 44 42 1301 
2 44 3 1357 
2 44 25 1374 
2 44 9 1367 
2 44 5 1421 
2 44 48 1407 
2 44 66 1372 
2 44 56 1396 
2 44 34 1398 
2 44 62 1475 
2 44 7 1442 
2 44 36 1484 
2 44 60 1480 
2 44 40 1519 
2 44 29 1512 
2 44 52 1518 
2 44 58 1527 
2 64 42 1217 
2 64 3 1193 
2 64 25 1196 
2 64 9 1195 
2 64 5 1258 
2 64 48 1227 
2 64 66 1209 
2 64 56 1230 
2 64 34 1243 
2 64 62 1289 
2 64 7 1253 
2 64 36 1292 
2 64 60 1287 
2 64 40 1333 
2 64 29 1319 
2 64 52 1333 
2 64 58 1334 
2 42 3 1166 
2 42 25 1171 
2 42 9 1166 
2 42 5 1220 
2 42 48 1204 
2 42 66 1204 
2 42 56 1189 
2 42 34 1198 
2 42 62 1253 
2 42 7 1222 
2 42 36 1261 
2 42 60 1275 
2 42 40 1294 
2 42 29 1289 
2 42 52 1296 
2 42 58 1301 
2 3 25 1216 
2 3 9 1234 
2 3 5 1263 
2 3 48 1248 
2 3 66 1240 
2 3 56 1258 
2 3 34 1251 
2 3 62 1310 
2 3 7 1311 
2 3 36 1315 
2 3 60 1323 
2 3 40 1349 
2 3 29 1357 
2 3 52 1348 
2 3 58 1357 
2 25 9 1218 
2 25 5 1277 
2 25 48 1301 
2 25 66 1247 
2 25 56 1250 
2 25 34 1251 
2 25 62 1326 
2 25 7 1291 
2 25 36 1340 
2 25 60 1346 
2 25 40 1366 
2 25 29 1362 
2 25 52 1366 
2 25 58 1374 
2 9 5 1273 
2 9 48 1247 
2 9 66 1224 
2 9 56 1281 
2 9 34 1268 
2 9 62 1322 
2 9 7 1283 
2 9 36 1324 
2 9 60 1328 
2 9 40 1361 
2 9 29 1359 
2 9 52 1361 
2 9 58 1367 
2 5 48 1301 
2 5 66 1290 
2 5 56 1290 
2 5 34 1339 
2 5 62 1373 
2 5 7 1340 
2 5 36 1378 
2 5 60 1374 
2 5 40 1416 
2 5 29 1414 
2 5 52 1412 
2 5 58 1421 
2 48 66 1287 
2 48 56 1276 
2 48 34 1278 
2 48 62 1355 
2 48 7 1322 
2 48 36 1394 
2 48 60 1380 
2 48 40 1399 
2 48 29 1392 
2 48 52 1398 
2 48 58 1407 
2 66 56 1241 
2 66 34 1259 
2 66 62 1327 
2 66 7 1291 
2 66 36 1329 
2 66 60 1372 
2 66 40 1366 
2 66 29 1364 
2 66 52 1363 
2 66 58 1372 
2 56 34 1282 
2 56 62 1368 
2 56 7 1327 
2 56 36 1353 
2 56 60 1349 
2 56 40 1389 
2 56 29 1381 
2 56 52 1392 
2 56 58 1396 
2 34 62 1347 
2 34 7 1323 
2 34 36 1355 
2 34 60 1353 
2 34 40 1393 
2 34 29 1394 
2 34 52 1391 
2 34 58 1398 
2 62 7 1390 
2 62 36 1432 
2 62 60 1429 
2 62 40 1472 
2 62 29 1460 
2 62 52 1466 
2 62 58 1475 
2 7 36 1399 
2 7 60 1397 
2 7 40 1434 
2 7 29 1435 
2 7 52 1433 
2 7 58 1442 
2 36 60 1437 
2 36 40 1476 
2 36 29 1469 
2 36 52 1475 
2 36 58 1484 
2 60 40 1473 
2 60 29 1467 
2 60 52 1471 
2 60 58 1480 
2 40 29 1504 
2 40 52 1510 
2 40 58 1519 
2 29 52 1503 
2 29 58 1512 
2 52 58 1518 
1 68 21 1207 
1 68 17 1121 
1 68 42 1129 
1 68 3 1141 
1 68 25 1186 
1 68 9 1189 
1 68 5 1252 
1 68 48 1259 
1 68 66 1307 
1 68 56 1307 
1 68 34 1305 
1 68 62 1277 
1 68 7 1289 
1 68 36 1271 
1 68 60 1319 
1 68 40 1302 
1 68 29 1319 
1 68 52 1317 
1 68 58 1319 
1 15 17 1184 
1 15 48 1129 
1 15 66 1169 
1 15 56 1145 
1 15 34 1157 
1 15 7 1165 
1 15 36 1135 
1 15 60 1184 
1 15 40 1166 
1 15 29 1184 
1 15 52 1182 
1 15 58 1184 